S = [49, 2, 3, 4, 5, 6, 7, 8, 9, 10, 11, 12, 13, 14, 15, 16, 17, 18, 19, 20, 21, 32, 23, 24, 25, 26, 27, 28, 29, 67, 31, 47, 54, 48, 35, 36, 37, 38, 71, 40, 76, 30, 34, 44, 45, 46, 78, 66, 22, 50, 51, 84, 77, 69, 55, 79, 81, 53, 74, 60, 57, 43, 87, 56, 62, 58, 63, 59, 65, 64, 52, 72, 73, 70, 75, 90, 41, 42, 61, 68, 39, 82, 83, 33, 85, 86, 80, 88, 89, 1]
P = [90, 2, 3, 4, 5, 6, 7, 8, 9, 10, 11, 12, 13, 14, 15, 16, 17, 18, 19, 20, 21, 49, 23, 24, 25, 26, 27, 28, 29, 42, 31, 22, 84, 43, 35, 36, 37, 38, 81, 40, 77, 78, 62, 44, 45, 46, 32, 34, 1, 50, 51, 71, 58, 33, 55, 64, 61, 66, 68, 60, 79, 65, 67, 70, 69, 48, 30, 80, 54, 74, 39, 72, 73, 59, 75, 41, 53, 47, 56, 87, 57, 82, 83, 52, 85, 86, 63, 88, 89, 76]
cost = 30309
% time out!
% runtime:      300495 ms
% solvetime:    300082 ms
% solutions:    1
% constraints:  908
% backtracks:   502545
% prunings:     138181790
itinerary = [1,49,22,32,47,78,42,30,67,63,87,80,68,59,74,70,64,56,79,61,57,81,39,71,52,84,33,54,69,65,62,43,34,48,66,58,53,77,41,76,90]
opt = false
