S = [28, 27, 14, 52, 6, 33, 31, 50, 53, 55, 58, 10, 59, 38, 37, 13, 5, 26, 29, 20, 21, 22, 35, 39, 11, 41, 42, 24, 7, 17, 36, 32, 60, 25, 56, 54, 30, 18, 12, 40, 8, 4, 15, 44, 45, 2, 43, 48, 9, 19, 51, 23, 57, 47, 34, 49, 16, 46, 3, 1]
P = [60, 46, 59, 42, 17, 5, 29, 41, 49, 12, 25, 39, 16, 3, 43, 57, 30, 38, 50, 20, 21, 22, 52, 28, 34, 18, 2, 1, 19, 37, 7, 32, 6, 55, 23, 31, 15, 14, 24, 40, 26, 27, 47, 44, 45, 58, 54, 48, 56, 8, 51, 4, 9, 36, 10, 35, 53, 11, 13, 33]
cost = 35357
% time out!
% runtime:      300319 ms
% solvetime:    300095 ms
% solutions:    1
% constraints:  608
% backtracks:   676305
% prunings:     184919179
itinerary = [1,28,24,39,12,10,55,34,25,11,58,46,2,27,42,4,52,23,35,56,49,9,53,57,16,13,59,3,14,38,18,26,41,8,50,19,29,7,31,36,54,47,43,15,37,30,17,5,6,33,60]
opt = false
