S = [49, 2, 31, 40, 15, 6, 26, 38, 12, 73, 16, 42, 67, 14, 18, 24, 17, 10, 19, 44, 21, 60, 75, 76, 54, 68, 45, 28, 29, 13, 55, 22, 27, 77, 35, 59, 52, 50, 71, 23, 80, 78, 34, 11, 47, 8, 30, 66, 46, 5, 51, 9, 20, 33, 64, 79, 39, 53, 7, 25, 57, 43, 74, 56, 62, 58, 63, 69, 65, 70, 37, 72, 4, 36, 3, 41, 48, 32, 61, 1]
P = [80, 2, 75, 73, 50, 6, 59, 46, 52, 18, 44, 9, 30, 14, 5, 11, 17, 15, 19, 53, 21, 32, 40, 16, 60, 7, 33, 28, 29, 47, 3, 78, 54, 43, 35, 74, 71, 8, 57, 4, 76, 12, 62, 20, 27, 49, 45, 77, 1, 38, 51, 37, 58, 25, 31, 64, 61, 66, 36, 22, 79, 65, 67, 55, 69, 48, 13, 26, 68, 70, 39, 72, 10, 63, 23, 24, 34, 42, 56, 41]
cost = 42142
% time out!
% runtime:      300383 ms
% solvetime:    300081 ms
% solutions:    1
% constraints:  808
% backtracks:   829849
% prunings:     153707550
itinerary = [1,49,46,8,38,50,5,15,18,10,73,4,40,23,75,3,31,55,64,56,79,61,57,39,71,37,52,9,12,42,78,32,22,60,25,54,33,27,45,47,30,13,67,63,74,36,59,7,26,68,69,65,62,43,34,77,48,66,58,53,20,44,11,16,24,76,41,80]
opt = false
