S = [48, 2, 35, 38, 42, 6, 7, 50, 49, 55, 11, 10, 13, 18, 43, 16, 5, 26, 29, 53, 21, 22, 52, 24, 25, 41, 39, 28, 37, 17, 47, 32, 33, 34, 23, 31, 15, 14, 54, 40, 8, 27, 36, 44, 45, 12, 30, 20, 3, 19, 51, 4, 9, 46, 1]
P = [55, 2, 49, 52, 17, 6, 7, 41, 53, 12, 11, 46, 13, 38, 37, 16, 30, 14, 50, 48, 21, 22, 35, 24, 25, 18, 42, 28, 19, 47, 36, 32, 33, 34, 3, 43, 29, 4, 27, 40, 26, 5, 15, 44, 45, 54, 31, 1, 9, 8, 51, 23, 20, 39, 10]
cost = 25457
% time out!
% runtime:      300272 ms
% solvetime:    300075 ms
% solutions:    1
% constraints:  558
% backtracks:   1066625
% prunings:     212034915
itinerary = [1,48,20,53,9,49,3,35,23,52,4,38,14,18,26,41,8,50,19,29,37,15,43,36,31,47,30,17,5,42,27,39,54,46,12,10,55]
opt = false
