S = [11, 59, 62, 43, 18, 6, 56, 55, 23, 12, 69, 51, 17, 19, 15, 49, 61, 67, 28, 65, 66, 70, 3, 24, 57, 30, 27, 46, 47, 44, 7, 52, 58, 4, 40, 36, 37, 38, 39, 48, 26, 20, 14, 29, 45, 8, 5, 42, 22, 50, 60, 35, 21, 10, 31, 16, 34, 9, 32, 41, 33, 25, 63, 64, 54, 2, 13, 68, 53, 1]
P = [70, 66, 23, 34, 47, 6, 31, 46, 58, 54, 1, 10, 67, 43, 15, 56, 13, 5, 14, 42, 53, 49, 9, 24, 62, 41, 27, 19, 44, 26, 55, 59, 61, 57, 52, 36, 37, 38, 39, 35, 60, 48, 4, 30, 45, 28, 29, 40, 16, 50, 12, 32, 69, 65, 8, 7, 25, 33, 2, 51, 17, 3, 63, 64, 20, 21, 18, 68, 11, 22]
cost = 35189
% time out!
% runtime:      300266 ms
% solvetime:    300068 ms
% solutions:    1
% constraints:  708
% backtracks:   540353
% prunings:     152948202
itinerary = [1,11,69,53,21,66,2,59,32,52,35,40,48,42,20,65,54,10,12,51,60,41,26,30,44,29,47,5,18,67,13,17,61,33,58,9,23,3,62,25,57,34,4,43,14,19,28,46,8,55,31,7,56,16,49,22,70]
opt = false
