S = [39, 38, 34, 16, 21, 48, 17, 46, 19, 10, 43, 12, 13, 30, 15, 49, 40, 18, 44, 35, 11, 22, 23, 8, 45, 41, 32, 33, 29, 5, 31, 3, 26, 7, 47, 20, 37, 6, 14, 25, 4, 24, 36, 50, 28, 9, 2, 27, 42, 1]
P = [50, 47, 32, 41, 30, 38, 34, 24, 46, 10, 21, 12, 13, 39, 15, 4, 7, 18, 9, 36, 5, 22, 23, 42, 40, 33, 48, 45, 29, 14, 31, 27, 28, 3, 20, 43, 37, 2, 1, 17, 26, 49, 11, 19, 25, 8, 35, 6, 16, 44]
cost = 30078
% time out!
% runtime:      300272 ms
% solvetime:    300077 ms
% solutions:    1
% constraints:  508
% backtracks:   1408338
% prunings:     273061076
itinerary = [1,39,14,30,5,21,11,43,36,20,35,47,2,38,6,48,27,32,3,34,7,17,40,25,45,28,33,26,41,4,16,49,42,24,8,46,9,19,44,50]
opt = false
