S = [11, 59, 62, 43, 29, 6, 56, 55, 9, 12, 69, 51, 67, 19, 15, 49, 13, 2, 28, 20, 66, 70, 10, 24, 57, 30, 27, 46, 47, 44, 7, 32, 61, 4, 52, 36, 37, 38, 39, 35, 26, 42, 14, 18, 45, 8, 65, 48, 22, 50, 60, 5, 21, 3, 31, 16, 34, 33, 40, 41, 17, 25, 63, 64, 54, 58, 23, 68, 53, 1]
P = [70, 18, 54, 34, 52, 6, 31, 46, 9, 23, 1, 10, 17, 43, 15, 56, 61, 44, 14, 20, 53, 49, 67, 24, 62, 41, 27, 19, 5, 26, 55, 32, 58, 57, 40, 36, 37, 38, 39, 59, 60, 42, 4, 30, 45, 28, 29, 48, 16, 50, 12, 35, 69, 65, 8, 7, 25, 66, 2, 51, 33, 3, 63, 64, 47, 21, 13, 68, 11, 22]
cost = 32836
% time out!
% runtime:      300275 ms
% solvetime:    300070 ms
% solutions:    1
% constraints:  708
% backtracks:   593832
% prunings:     176311450
itinerary = [1,11,69,53,21,66,58,33,61,17,13,67,23,10,12,51,60,41,26,30,44,18,2,59,40,35,52,5,29,47,65,54,3,62,25,57,34,4,43,14,19,28,46,8,55,31,7,56,16,49,22,70]
opt = false
