S = [11, 59, 13, 34, 47, 6, 56, 55, 23, 12, 69, 51, 17, 43, 15, 49, 61, 5, 28, 20, 66, 70, 10, 24, 14, 30, 27, 46, 2, 44, 7, 52, 33, 57, 65, 36, 37, 38, 39, 35, 26, 42, 19, 29, 45, 8, 4, 40, 22, 50, 60, 48, 21, 3, 31, 16, 25, 9, 32, 41, 67, 62, 63, 64, 54, 58, 18, 68, 53, 1]
P = [70, 29, 54, 47, 18, 6, 31, 46, 58, 23, 1, 10, 3, 25, 15, 56, 13, 67, 43, 20, 53, 49, 9, 24, 57, 41, 27, 19, 44, 26, 55, 59, 33, 4, 40, 36, 37, 38, 39, 48, 60, 42, 14, 30, 45, 28, 5, 52, 16, 50, 12, 32, 69, 65, 8, 7, 34, 66, 2, 51, 17, 62, 63, 64, 35, 21, 61, 68, 11, 22]
cost = 34383
% time out!
% runtime:      300268 ms
% solvetime:    300073 ms
% solutions:    1
% constraints:  708
% backtracks:   634926
% prunings:     178065474
itinerary = [1,11,69,53,21,66,58,9,23,10,12,51,60,41,26,30,44,29,2,59,32,52,48,40,35,65,54,3,13,17,61,67,18,5,47,4,34,57,25,14,43,19,28,46,8,55,31,7,56,16,49,22,70]
opt = false
