S = [28, 54, 60, 38, 17, 6, 7, 41, 49, 12, 25, 46, 16, 23, 37, 57, 30, 14, 50, 20, 21, 22, 35, 24, 34, 52, 42, 58, 19, 47, 36, 32, 33, 55, 56, 43, 29, 18, 27, 40, 26, 5, 15, 44, 45, 2, 31, 48, 3, 8, 51, 4, 9, 39, 10, 13, 53, 11, 59, 1]
P = [60, 46, 49, 52, 42, 6, 7, 50, 53, 55, 58, 10, 56, 18, 43, 13, 5, 38, 29, 20, 21, 22, 14, 24, 11, 41, 39, 1, 37, 17, 47, 32, 33, 25, 23, 31, 15, 4, 54, 40, 8, 27, 36, 44, 45, 12, 30, 48, 9, 19, 51, 26, 57, 2, 34, 35, 16, 28, 59, 3]
cost = 34066
% time out!
% runtime:      300315 ms
% solvetime:    300093 ms
% solutions:    1
% constraints:  608
% backtracks:   841290
% prunings:     164779529
itinerary = [1,28,58,11,25,34,55,10,12,46,2,54,39,27,42,5,17,30,47,31,36,43,15,37,29,19,50,8,41,26,52,4,38,18,14,23,35,56,13,16,57,53,9,49,3,60]
opt = false
