S = [49, 2, 3, 4, 5, 6, 7, 8, 9, 10, 11, 12, 13, 14, 15, 16, 17, 18, 19, 53, 21, 32, 40, 62, 60, 26, 45, 28, 29, 67, 31, 47, 54, 48, 35, 36, 52, 38, 57, 73, 80, 30, 34, 44, 33, 46, 78, 77, 22, 50, 75, 71, 58, 25, 55, 79, 61, 66, 59, 37, 69, 43, 74, 56, 24, 76, 63, 68, 65, 64, 39, 72, 27, 70, 23, 41, 20, 42, 51, 1]
P = [80, 2, 3, 4, 5, 6, 7, 8, 9, 10, 11, 12, 13, 14, 15, 16, 17, 18, 19, 77, 21, 49, 75, 65, 54, 26, 73, 28, 29, 42, 31, 22, 45, 43, 35, 36, 60, 38, 71, 23, 76, 78, 62, 44, 27, 46, 32, 34, 1, 50, 79, 37, 20, 33, 55, 64, 39, 53, 59, 25, 57, 24, 67, 70, 69, 58, 30, 68, 61, 74, 52, 72, 40, 63, 51, 66, 48, 47, 56, 41]
cost = 30402
% time out!
% runtime:      300373 ms
% solvetime:    300080 ms
% solutions:    1
% constraints:  808
% backtracks:   597712
% prunings:     180875962
itinerary = [1,49,22,32,47,78,42,30,67,63,74,70,64,56,79,51,75,23,40,73,27,45,33,54,25,60,37,52,71,39,57,61,69,65,24,62,43,34,48,77,20,53,58,66,76,41,80]
opt = false
