S = [28, 27, 60, 52, 30, 6, 29, 41, 49, 12, 25, 46, 16, 35, 15, 57, 2, 38, 19, 20, 21, 22, 14, 24, 34, 18, 42, 58, 37, 47, 7, 32, 33, 55, 56, 31, 50, 4, 17, 40, 26, 5, 36, 44, 45, 54, 43, 48, 3, 8, 51, 23, 9, 39, 10, 13, 53, 11, 59, 1]
P = [60, 17, 49, 38, 42, 6, 31, 50, 53, 55, 58, 10, 56, 23, 15, 13, 39, 26, 19, 20, 21, 22, 52, 24, 11, 41, 2, 1, 7, 5, 36, 32, 33, 25, 14, 43, 29, 18, 54, 40, 8, 27, 47, 44, 45, 12, 30, 48, 9, 37, 51, 4, 57, 46, 34, 35, 16, 28, 59, 3]
cost = 32128
% time out!
% runtime:      300339 ms
% solvetime:    300109 ms
% solutions:    1
% constraints:  608
% backtracks:   783636
% prunings:     156089505
itinerary = [1,28,58,11,25,34,55,10,12,46,54,39,17,2,27,42,5,30,47,43,36,31,7,29,37,50,8,41,26,18,38,4,52,23,14,35,56,13,16,57,53,9,49,3,60]
opt = false
