S = [28, 27, 49, 52, 17, 6, 7, 41, 9, 12, 11, 46, 13, 38, 37, 16, 30, 14, 50, 20, 21, 22, 35, 39, 25, 18, 42, 24, 19, 47, 36, 32, 33, 34, 3, 43, 29, 4, 54, 40, 26, 5, 15, 44, 45, 55, 31, 48, 10, 8, 51, 23, 53, 2, 1]
P = [55, 54, 35, 38, 42, 6, 7, 50, 9, 49, 11, 10, 13, 18, 43, 16, 5, 26, 29, 20, 21, 22, 52, 28, 25, 41, 2, 1, 37, 17, 47, 32, 33, 34, 23, 31, 15, 14, 24, 40, 8, 27, 36, 44, 45, 12, 30, 48, 3, 19, 51, 4, 53, 39, 46]
cost = 27022
% time out!
% runtime:      300282 ms
% solvetime:    300080 ms
% solutions:    1
% constraints:  558
% backtracks:   1252470
% prunings:     205301858
itinerary = [1,28,24,39,54,2,27,42,5,17,30,47,31,36,43,15,37,29,19,50,8,41,26,18,14,38,4,52,23,35,3,49,10,12,46,55]
opt = false
