S = [39, 8, 45, 16, 21, 27, 17, 24, 19, 10, 43, 9, 35, 30, 15, 3, 40, 18, 44, 23, 11, 22, 5, 42, 28, 41, 32, 33, 29, 20, 31, 34, 26, 7, 2, 13, 37, 6, 14, 25, 4, 12, 36, 38, 1]
P = [45, 35, 16, 41, 23, 38, 34, 2, 12, 10, 21, 42, 36, 39, 15, 4, 7, 18, 9, 30, 5, 22, 20, 8, 40, 33, 6, 25, 29, 14, 31, 27, 28, 32, 13, 43, 37, 44, 1, 17, 26, 24, 11, 19, 3]
cost = 29792
% runtime:      7615 ms
% solvetime:    7465 ms
% solutions:    1
% constraints:  458
% backtracks:   34391
% prunings:     5197194
itinerary = [1,39,14,30,20,23,5,21,11,43,36,13,35,2,8,24,42,12,9,19,44,38,6,27,32,34,7,17,40,25,28,33,26,41,4,16,3,45]
opt = true
