S = [49, 2, 86, 15, 50, 6, 26, 38, 12, 18, 83, 42, 30, 14, 73, 11, 82, 51, 36, 53, 21, 22, 40, 16, 60, 68, 85, 28, 17, 25, 88, 47, 84, 43, 35, 69, 52, 5, 61, 79, 77, 78, 62, 44, 27, 8, 89, 66, 46, 29, 75, 9, 58, 33, 31, 64, 81, 48, 7, 37, 57, 65, 87, 55, 90, 76, 63, 80, 54, 74, 39, 72, 10, 59, 3, 24, 20, 32, 56, 41, 67, 45, 34, 13, 4, 23, 70, 19, 71, 1]
P = [90, 2, 75, 85, 38, 6, 59, 46, 52, 73, 16, 9, 84, 14, 4, 24, 29, 10, 88, 77, 21, 22, 86, 76, 30, 7, 45, 28, 50, 13, 55, 78, 54, 83, 35, 19, 60, 8, 71, 23, 80, 12, 34, 44, 82, 49, 32, 58, 1, 5, 18, 37, 20, 69, 64, 79, 61, 53, 74, 25, 39, 43, 67, 56, 62, 48, 81, 26, 36, 87, 89, 72, 15, 70, 51, 66, 41, 42, 40, 68, 57, 17, 11, 33, 27, 3, 63, 31, 47, 65]
cost = 50983
% time out!
% runtime:      300514 ms
% solvetime:    300082 ms
% solutions:    1
% constraints:  908
% backtracks:   450741
% prunings:     146758038
itinerary = [1,49,46,8,38,5,50,29,17,82,45,27,85,4,15,73,10,18,51,75,3,86,23,40,79,56,64,55,31,88,19,36,69,54,33,84,13,30,25,60,37,52,9,12,42,78,32,47,89,71,39,61,57,81,67,63,87,70,74,59,7,26,68,80,41,77,20,53,58,48,66,76,24,16,11,83,34,43,62,65,90]
opt = false
