S = [48, 27, 35, 38, 17, 6, 31, 50, 49, 2, 11, 10, 13, 18, 43, 16, 30, 26, 29, 53, 21, 22, 52, 28, 25, 41, 39, 55, 7, 37, 47, 32, 33, 34, 23, 54, 15, 14, 24, 40, 8, 42, 36, 44, 45, 12, 5, 20, 3, 19, 51, 4, 9, 46, 1]
P = [55, 10, 49, 52, 47, 6, 29, 41, 53, 12, 11, 46, 13, 38, 37, 16, 5, 14, 50, 48, 21, 22, 35, 39, 25, 18, 2, 24, 19, 17, 7, 32, 33, 34, 3, 43, 30, 4, 27, 40, 26, 42, 15, 44, 45, 54, 31, 1, 9, 8, 51, 23, 20, 36, 28]
cost = 27025
% time out!
% runtime:      300253 ms
% solvetime:    300074 ms
% solutions:    1
% constraints:  558
% backtracks:   1168726
% prunings:     214124212
itinerary = [1,48,20,53,9,49,3,35,23,52,4,38,14,18,26,41,8,50,19,29,7,31,47,5,17,30,37,15,43,36,54,46,12,10,2,27,39,24,28,55]
opt = false
