S = [39, 38, 32, 41, 21, 50, 34, 16, 12, 10, 43, 42, 35, 30, 15, 49, 7, 18, 9, 23, 11, 22, 5, 8, 40, 33, 48, 45, 29, 20, 31, 27, 28, 3, 47, 13, 37, 44, 14, 17, 26, 24, 36, 19, 25, 46, 2, 6, 4, 1]
P = [50, 47, 34, 49, 23, 48, 17, 24, 19, 10, 21, 9, 36, 39, 15, 8, 40, 18, 44, 30, 5, 22, 20, 42, 45, 41, 32, 33, 29, 14, 31, 3, 26, 7, 13, 43, 37, 2, 1, 25, 4, 12, 11, 38, 28, 46, 35, 27, 16, 6]
cost = 31007
% time out!
% runtime:      300285 ms
% solvetime:    300089 ms
% solutions:    1
% constraints:  508
% backtracks:   1465528
% prunings:     225779831
itinerary = [1,39,14,30,20,23,5,21,11,43,36,13,35,47,2,38,44,19,9,12,42,24,8,16,49,4,41,26,33,28,45,25,40,17,7,34,3,32,27,48,6,50]
opt = false
