S = [11, 2, 3, 4, 5, 6, 56, 8, 9, 23, 41, 10, 17, 14, 15, 49, 61, 67, 19, 20, 21, 70, 18, 24, 25, 30, 27, 28, 44, 60, 31, 52, 58, 34, 7, 36, 37, 38, 39, 35, 26, 42, 43, 59, 45, 46, 29, 40, 22, 50, 12, 48, 53, 65, 55, 16, 57, 54, 32, 51, 33, 62, 63, 64, 47, 66, 13, 68, 69, 1]
P = [70, 2, 3, 4, 5, 6, 35, 8, 9, 12, 1, 51, 67, 14, 15, 56, 13, 23, 19, 20, 21, 49, 10, 24, 25, 41, 27, 28, 47, 26, 31, 59, 61, 34, 40, 36, 37, 38, 39, 48, 11, 42, 43, 29, 45, 46, 65, 52, 16, 50, 60, 32, 53, 58, 55, 7, 57, 33, 44, 30, 17, 62, 63, 64, 54, 66, 18, 68, 69, 22]
cost = 21708
% time out!
% runtime:      300322 ms
% solvetime:    300085 ms
% solutions:    1
% constraints:  708
% backtracks:   649666
% prunings:     189184681
itinerary = [1,11,41,26,30,60,51,12,10,23,18,67,13,17,61,33,58,54,65,47,29,44,59,32,52,48,40,35,7,56,16,49,22,70]
opt = false
