S = [49, 2, 3, 4, 5, 6, 7, 8, 9, 10, 11, 12, 13, 14, 15, 16, 17, 18, 19, 20, 21, 32, 75, 24, 25, 26, 27, 28, 29, 71, 100, 47, 84, 77, 35, 74, 37, 38, 39, 23, 76, 30, 34, 44, 45, 46, 78, 66, 22, 50, 86, 54, 41, 33, 98, 56, 81, 53, 36, 60, 79, 43, 87, 55, 62, 58, 63, 59, 65, 64, 52, 72, 73, 70, 95, 90, 48, 42, 51, 68, 61, 82, 83, 93, 85, 40, 69, 88, 89, 80, 91, 92, 67, 94, 31, 96, 97, 57, 99, 1]
P = [100, 2, 3, 4, 5, 6, 7, 8, 9, 10, 11, 12, 13, 14, 15, 16, 17, 18, 19, 20, 21, 49, 40, 24, 25, 26, 27, 28, 29, 42, 95, 22, 54, 43, 35, 59, 37, 38, 39, 86, 53, 78, 62, 44, 45, 46, 32, 77, 1, 50, 79, 71, 58, 52, 64, 56, 98, 66, 68, 60, 81, 65, 67, 70, 69, 48, 93, 80, 87, 74, 30, 72, 73, 36, 23, 41, 34, 47, 61, 90, 57, 82, 83, 33, 85, 51, 63, 88, 89, 76, 91, 92, 84, 94, 75, 96, 97, 55, 99, 31]
cost = 36123
% time out!
% runtime:      300661 ms
% solvetime:    300085 ms
% solutions:    1
% constraints:  1008
% backtracks:   666011
% prunings:     128848413
itinerary = [1,49,22,32,47,78,42,30,71,52,54,33,84,93,67,63,87,69,65,62,43,34,77,48,66,58,53,41,76,90,80,68,59,36,74,70,64,55,98,57,81,61,79,51,86,40,23,75,95,31,100]
opt = false
