S = [28, 54, 59, 38, 6, 33, 7, 50, 53, 49, 25, 10, 16, 3, 43, 56, 5, 14, 29, 20, 21, 22, 52, 24, 34, 41, 42, 58, 37, 17, 47, 32, 60, 55, 23, 31, 15, 18, 27, 40, 8, 4, 36, 44, 45, 12, 30, 48, 9, 19, 51, 26, 57, 39, 46, 35, 2, 11, 13, 1]
P = [60, 57, 14, 42, 17, 5, 7, 41, 49, 12, 58, 46, 59, 18, 37, 13, 30, 38, 50, 20, 21, 22, 35, 24, 11, 52, 39, 1, 19, 47, 36, 32, 6, 25, 56, 43, 29, 4, 54, 40, 26, 27, 15, 44, 45, 55, 31, 48, 10, 8, 51, 23, 9, 2, 34, 16, 53, 28, 3, 33]
cost = 37443
% time out!
% runtime:      300318 ms
% solvetime:    300092 ms
% solutions:    1
% constraints:  608
% backtracks:   750813
% prunings:     164521245
itinerary = [1,28,58,11,25,34,55,46,12,10,49,9,53,57,2,54,39,27,42,4,38,18,14,3,59,13,16,56,35,23,52,26,41,8,50,19,29,37,15,43,36,31,47,30,17,5,6,33,60]
opt = false
