S = [20, 2, 28, 24, 4, 38, 19, 7, 9, 33, 34, 8, 13, 14, 11, 16, 17, 36, 29, 12, 21, 27, 32, 23, 3, 5, 31, 37, 6, 30, 15, 10, 25, 26, 35, 40, 18, 22, 39, 1]
P = [40, 2, 25, 5, 26, 29, 8, 12, 9, 32, 15, 20, 13, 14, 31, 16, 17, 37, 7, 1, 21, 38, 24, 4, 33, 34, 22, 3, 19, 30, 27, 23, 10, 11, 35, 18, 28, 6, 39, 36]
cost = 23393
% runtime:      1661 ms
% solvetime:    1517 ms
% solutions:    1
% constraints:  408
% backtracks:   8482
% prunings:     1361193
itinerary = [1,20,12,8,7,19,29,6,38,22,27,31,15,11,34,26,5,4,24,23,32,10,33,25,3,28,37,18,36,40]
opt = true
