S = [28, 2, 3, 4, 5, 6, 7, 50, 53, 49, 25, 10, 56, 23, 43, 13, 30, 18, 29, 20, 21, 22, 52, 24, 34, 41, 17, 58, 37, 60, 36, 32, 33, 55, 14, 54, 15, 38, 27, 40, 8, 42, 47, 44, 45, 12, 31, 48, 9, 19, 51, 26, 57, 39, 46, 35, 16, 11, 59, 1]
P = [60, 2, 3, 4, 5, 6, 7, 41, 49, 12, 58, 46, 16, 35, 37, 57, 27, 18, 50, 20, 21, 22, 14, 24, 11, 52, 39, 1, 19, 17, 47, 32, 33, 25, 56, 31, 29, 38, 54, 40, 26, 42, 15, 44, 45, 55, 43, 48, 10, 8, 51, 23, 9, 36, 34, 13, 53, 28, 59, 30]
cost = 27513
% time out!
% runtime:      300313 ms
% solvetime:    300093 ms
% solutions:    1
% constraints:  608
% backtracks:   789259
% prunings:     164375258
itinerary = [1,28,58,11,25,34,55,46,12,10,49,9,53,57,16,13,56,35,14,23,52,26,41,8,50,19,29,37,15,43,47,31,36,54,39,27,17,30,60]
opt = false
