S = [39, 38, 34, 49, 21, 48, 17, 24, 19, 10, 43, 9, 35, 30, 15, 8, 40, 18, 44, 23, 11, 22, 5, 42, 45, 41, 32, 33, 29, 20, 31, 3, 26, 7, 47, 13, 37, 6, 14, 25, 4, 12, 36, 50, 28, 46, 2, 27, 16, 1]
P = [50, 47, 32, 41, 23, 38, 34, 16, 12, 10, 21, 42, 36, 39, 15, 49, 7, 18, 9, 30, 5, 22, 20, 8, 40, 33, 48, 45, 29, 14, 31, 27, 28, 3, 13, 43, 37, 2, 1, 17, 26, 24, 11, 19, 25, 46, 35, 6, 4, 44]
cost = 31010
% time out!
% runtime:      300264 ms
% solvetime:    300074 ms
% solutions:    1
% constraints:  508
% backtracks:   1269259
% prunings:     259210298
itinerary = [1,39,14,30,20,23,5,21,11,43,36,13,35,47,2,38,6,48,27,32,3,34,7,17,40,25,45,28,33,26,41,4,49,16,8,24,42,12,9,19,44,50]
opt = false
