S = [49, 2, 86, 73, 50, 90, 26, 38, 12, 18, 16, 89, 67, 14, 82, 6, 15, 40, 36, 44, 21, 60, 75, 62, 54, 68, 85, 28, 17, 42, 88, 22, 84, 65, 35, 69, 52, 5, 71, 23, 76, 78, 34, 11, 27, 8, 30, 77, 46, 29, 79, 9, 20, 33, 31, 64, 81, 48, 7, 25, 57, 43, 87, 55, 66, 58, 63, 80, 61, 74, 37, 72, 10, 59, 3, 24, 53, 32, 56, 41, 39, 45, 83, 13, 4, 51, 70, 19, 47, 1]
P = [90, 2, 75, 85, 38, 16, 59, 46, 52, 73, 44, 9, 84, 14, 17, 11, 29, 10, 88, 53, 21, 32, 40, 76, 60, 7, 45, 28, 50, 47, 55, 78, 54, 43, 35, 19, 71, 8, 81, 18, 80, 30, 62, 20, 82, 49, 89, 58, 1, 5, 86, 37, 77, 25, 64, 79, 61, 66, 74, 22, 69, 24, 67, 56, 34, 65, 13, 26, 36, 87, 39, 72, 4, 70, 23, 41, 48, 42, 51, 68, 57, 15, 83, 33, 27, 3, 63, 31, 12, 6]
cost = 52150
% time out!
% runtime:      300506 ms
% solvetime:    300081 ms
% solutions:    1
% constraints:  908
% backtracks:   901814
% prunings:     166714212
itinerary = [1,49,46,8,38,5,50,29,17,15,82,45,27,85,4,73,10,18,40,23,75,3,86,51,79,56,64,55,31,88,19,36,69,61,57,81,39,71,37,52,9,12,89,47,30,42,78,32,22,60,25,54,33,84,13,67,63,87,70,74,59,7,26,68,80,41,76,24,62,43,34,65,66,58,48,77,53,20,44,11,16,6,90]
opt = false
