S = [48, 54, 14, 38, 33, 6, 7, 8, 9, 10, 11, 12, 13, 35, 15, 56, 39, 26, 50, 53, 21, 22, 52, 24, 25, 29, 2, 28, 19, 17, 47, 32, 60, 34, 23, 31, 30, 18, 27, 40, 41, 42, 43, 44, 45, 46, 5, 20, 3, 37, 51, 4, 57, 36, 55, 49, 16, 58, 59, 1]
P = [60, 27, 49, 52, 47, 6, 7, 8, 9, 10, 11, 12, 13, 3, 15, 57, 30, 38, 29, 48, 21, 22, 35, 24, 25, 18, 39, 28, 26, 37, 36, 32, 5, 34, 14, 54, 50, 4, 17, 40, 41, 42, 43, 44, 45, 46, 31, 1, 56, 19, 51, 23, 20, 2, 55, 16, 53, 58, 59, 33]
cost = 26595
% time out!
% runtime:      300316 ms
% solvetime:    300090 ms
% solutions:    1
% constraints:  608
% backtracks:   685136
% prunings:     188920947
itinerary = [1,48,20,53,57,16,56,49,3,14,35,23,52,4,38,18,26,29,19,50,37,30,17,39,27,2,54,36,31,47,5,33,60]
opt = false
