% Generated FlatZinc statistics:
%%%mzn-stat: paths=0
%%%mzn-stat: flatBoolVars=398
%%%mzn-stat: flatIntVars=699
%%%mzn-stat: flatBoolConstraints=199
%%%mzn-stat: flatIntConstraints=805
%%%mzn-stat: evaluatedReifiedConstraints=99
%%%mzn-stat: evaluatedHalfReifiedConstraints=299
%%%mzn-stat: method="minimize"
%%%mzn-stat: flatTime=7.73518
%%%mzn-stat-end

S = [49, 2, 95, 85, 5, 16, 43, 8, 12, 73, 92, 89, 84, 14, 17, 24, 29, 10, 28, 11, 21, 32, 40, 96, 60, 7, 18, 100, 82, 25, 3, 78, 91, 77, 35, 19, 52, 38, 98, 79, 76, 30, 62, 44, 47, 46, 93, 58, 22, 50, 86, 9, 41, 69, 31, 64, 81, 53, 68, 37, 57, 34, 67, 70, 66, 48, 13, 26, 61, 74, 39, 72, 15, 36, 51, 90, 99, 42, 56, 87, 59, 45, 83, 33, 27, 23, 63, 88, 54, 80, 4, 6, 71, 94, 75, 65, 97, 55, 20, 1]
P = [100, 2, 31, 91, 5, 92, 26, 8, 52, 18, 20, 9, 67, 14, 73, 6, 15, 27, 36, 99, 21, 49, 86, 16, 30, 68, 85, 19, 17, 42, 55, 22, 84, 62, 35, 74, 60, 38, 71, 23, 53, 78, 7, 44, 82, 46, 45, 66, 1, 50, 75, 37, 58, 89, 98, 79, 61, 48, 81, 25, 69, 43, 87, 56, 96, 65, 63, 59, 54, 64, 93, 72, 10, 70, 95, 41, 34, 32, 40, 90, 57, 29, 83, 13, 4, 51, 80, 88, 12, 76, 33, 11, 47, 94, 3, 24, 97, 39, 77, 28]
cost = 57646
%%%mzn-stat: initTime=0.185574
%%%mzn-stat: solveTime=300.002
%%%mzn-stat: solutions=27
%%%mzn-stat: variables=1199
%%%mzn-stat: propagators=838
%%%mzn-stat: propagations=1024088236
%%%mzn-stat: nodes=2312870
%%%mzn-stat: failures=1156273
%%%mzn-stat: restarts=0
%%%mzn-stat: peakDepth=69
%%%mzn-stat-end
itinerary = [1,49,22,32,78,42,30,25,60,37,52,9,12,89,54,69,61,57,81,59,68,26,7,43,62,34,77,99,20,11,92,6,16,24,96,65,66,48,58,53,41,76,90,80,87,63,67,13,84,33,91,4,85,27,18,10,73,15,17,29,82,45,47,93,71,39,98,55,31,3,95,75,51,86,23,40,79,56,64,70,74,36,19,28,100]
opt = false
