% Generated FlatZinc statistics:
%%%mzn-stat: paths=0
%%%mzn-stat: flatBoolVars=398
%%%mzn-stat: flatIntVars=699
%%%mzn-stat: flatBoolConstraints=199
%%%mzn-stat: flatIntConstraints=805
%%%mzn-stat: evaluatedReifiedConstraints=99
%%%mzn-stat: evaluatedHalfReifiedConstraints=299
%%%mzn-stat: method="minimize"
%%%mzn-stat: flatTime=7.76684
%%%mzn-stat-end

S = [49, 2, 31, 15, 5, 92, 59, 8, 33, 73, 16, 30, 84, 14, 17, 24, 82, 10, 28, 77, 21, 60, 75, 76, 54, 7, 85, 100, 29, 67, 55, 78, 91, 83, 35, 19, 71, 38, 81, 86, 93, 89, 34, 20, 47, 46, 32, 58, 22, 50, 18, 37, 41, 9, 98, 56, 61, 53, 36, 25, 79, 43, 87, 70, 62, 65, 80, 26, 68, 74, 39, 72, 40, 63, 95, 66, 48, 42, 51, 90, 57, 45, 97, 52, 4, 23, 69, 88, 12, 6, 27, 11, 13, 94, 3, 96, 44, 64, 99, 1]
P = [100, 2, 95, 85, 5, 90, 26, 8, 54, 18, 92, 89, 93, 14, 4, 11, 15, 51, 36, 44, 21, 49, 86, 16, 60, 68, 91, 19, 29, 12, 3, 47, 9, 43, 35, 59, 52, 38, 71, 73, 53, 78, 62, 97, 82, 46, 45, 77, 1, 50, 79, 84, 58, 25, 31, 56, 81, 48, 7, 22, 57, 65, 74, 98, 66, 76, 30, 69, 87, 64, 37, 72, 10, 70, 23, 24, 20, 32, 61, 67, 39, 17, 34, 13, 27, 40, 63, 88, 42, 80, 33, 6, 41, 94, 75, 96, 83, 55, 99, 28]
cost = 53097
%%%mzn-stat: initTime=0.206333
%%%mzn-stat: solveTime=300.002
%%%mzn-stat: solutions=14
%%%mzn-stat: variables=1199
%%%mzn-stat: propagators=838
%%%mzn-stat: propagations=1120077038
%%%mzn-stat: nodes=3465101
%%%mzn-stat: failures=1732454
%%%mzn-stat: restarts=0
%%%mzn-stat: peakDepth=73
%%%mzn-stat-end
itinerary = [1,49,22,60,25,54,9,33,91,27,85,4,15,17,82,45,47,32,78,42,89,12,30,67,80,90,6,92,11,16,24,76,66,65,62,43,34,83,97,44,20,77,48,58,53,41,93,13,84,52,37,71,39,81,57,61,79,51,18,10,73,40,86,23,75,95,3,31,55,98,64,70,74,63,87,69,68,26,7,59,36,19,28,100]
opt = false
